65
00000000000000000000000000000000000000000000000000000000000000000
00000000000000000000000000000000000000000000000000000000000000000
00000000000000000000000000000000000000000000000000000000000000000
00000000000000000000000000000000000000000000000000000000000000000
00000000000000000000000000000000000000000000000000000000000000000
00000000000000000000000000000000000000000000000000000000000000000
00000000000000000000000000000000000000000000000000000000000000000
00000000000000000000000000000000000000000000000000000000000000000
00000000000001000000000000000100000000000000000000000000000000000
00000000000110110000000000011011000000000000000000000000000000000
00000000000000111000000000111000000000000000000000000000000000000
00000000000000100011000110001000000000000000000000000000000000000
00000000000000010001000100010000000000000000000000000000000000000
00000000000000000000000000000000000000000000000000000000000000000
00000000000000000111000111000000000000000000000000000000000000000
00000000000000000000000000000000000000000000000000000000000000000
00000000000000000010000010000000000000000000000000000000000000000
00000000000000000010101010000000000000000000000000000000000000000
00000000000000000010000010000000000000000000000000000000000000000
00000000000000000000101000000000000000000000000000000000000000000
00000000000000000001101100000000000000000000000000000000000000000
00000000000000000100101001000000000000000000000000000000000000000
00000000000000011010101010110000000000000000000000000000000000000
00000000000000001010101010100000000000000000000000000000000000000
00000000000000000000101000000000000000000000000000000000000000000
00000000000000001100101001100000000000000000000000000000000000000
00000000000000010001000100010000000000000000000000000000000000000
00000000000000000100000001000000000000000000000000000000000000000
00000000000000010000000000010000000000000000000000000000000000000
00000000000000100000000000001000000000000000000000000000000000000
00000000000000100000000000001000000000000000000000000000000000000
00000000000000100100000001001000000000000000000000000000000000000
00000000000000000100000001000000000000000000000000000000000000000
00000000000000001010000010100000000000000000000000000000000000000
00000000000000000100000001000000000000000000000000000000000000000
00000000000000110000000000011000000000000000000000000000000000000
00000000000000110000000000011000000000000000000000000000000000000
00000000000000110000000000011000000000000000000000000000000000000
00000000000000001000000000100000000000000000000000000000000000000
00000000000000001000000000100000000000000000000000000000000000000
00000000000000001100000001100000000000000000000000000000000000000
00000000000000001100000001100000000000000000000000000000000000000
00000000000000000010000010000000000000000000000000000000000000000
00000000000000000010000010000000000000000000000000000000000000000
00000000000000000001000100000000000000000000000000000000000000000
00000000000000000010000010000000000000000000000000000000000000000
00000000000000000000000000000000000000000000000000000000000000000
00000000000000000000000000000000000000000000000000000000000000000
00000000000000000000000000000000000000000000000000000000000000000
00000000000000000000000000000000000000000000000000000000000000000
00000000000000000000000000000000000000000000000000000000000000000
00000000000000000000000000000000000000000000000000000000000000000
00000000000000000000000000000000000000000000000000000000000000000
00000000000000000000000000000000000000000000000000000000000000000
00000000000000000000000000000000000000000000000000000000000000000
00000000000000000000000000000000000000000000000000000000000000000
00000000000000000000000000000000000000000000000000000000000000000
00000000000000000000000000000000000000000000000000000000000000000
00000000000000000000000000000000000000000000000000000000000000000
00000000000000000000000000000000000000000000000000000000000000000
00000000000000000000000000000000000000000000000000000000000000000
00000000000000000000000000000000000000000000000000000000000000000
00000000000000000000000000000000000000000000000000000000000000000
00000000000000000000000000000000000000000000000000000000000000000
00000000000000000000000000000000000000000000000000000000000000000
